 3    9   10    0    0 <  0    0    2    7    1
                     ^
 5    3    0    0    0    0    0    0    6    7

 9    0 >  0    0    0 <  0    0    0    0    2
      v              v              v    ^
 0    0    0    7    0    0    3    0    0    0
                                    v
 0 <  0    0 >  0    7    9    0    0 >  0    0
                                              ^
 0 <  0    0 <  0    2    4    0 >  0    0 >  0

 0    0    0    3    0 <  0    6    4    0    0
           v         v
 2    0    0 >  0    0 >  0    0    0 >  0    6
                          v    ^
 4   10    0    0    0 <  0    0    0    3    9
                v    v
 8    2    1    0    0 >  0    0    7    5   10
