 0    0    0    0    0    0    0    0    1    0

 3   10    8    0    0    0 <  0    6    5    0
                                              v
 0    4    0 >  0    0 <  0    0 >  0    2    0
 v                   v              v         v
 0 >  0    0    2    0 >  0    6    0    0 >  0
      v
 0    0    0 >  0   10    8    0    0 >  0 <  0
      v                        ^    ^
 0 <  0    0 <  0    4   10    0 <  0 <  0    0
 v
 0 >  0 >  0   10    0 >  0    7    0 >  0 >  0
           v         ^
 0    2    0    0    0    0 <  0 >  0    6    0
                ^              ^
 0    1    5    0    0    0    0    8   10    3
                     ^    v    ^
 0    5    0 >  0    0    0    0    0 <  0 <  0
