 0    0 <  0 >  0    5    3    1    0    0 >  0
 ^    v
 0    0    3    0    0 >  0 <  0    7    0 <  0

 0    1    0    0    3    6    0    0    7    0
 v              ^                   v
 0 >  0 >  0 >  0 >  0    0    0 <  0 >  0    0
      v              v
 7    0    5    0    0    0 >  0    3    0   10
      v         v              v
 4    0    6    0    0    0 <  0    2    0    8
                v              ^         ^
 0 >  0 <  0    0    0    0    0 >  0    0    0
 v                                            v
 0    3    0    0    6    7    0 >  0    4    0

 0    0   10    0    0    0 <  0    4    0 <  0
                ^
 0    0    0    5    1    2    0 >  0 <  0 <  0
