 3    0    0    0 <  0 <  0    0 >  0 >  0    6
                          ^
 0    2    0 <  0 <  0    0    0    0    4    0
                                              v
 0    0    0    7    1    9    4    0    0 <  0
                                         ^
 0 >  0    7    0 >  0 >  0 >  0    5    0 <  0
 ^    v         ^
 0    0    4    0 <  0    0 >  0    8    0 >  0
                     ^         ^
 0    0    9    0    0 <  0    0    4    0    0
                                         ^
 0    0    2    0 >  0 <  0    0    7    0 <  0

 0    0    0    8   10    5    3    0 <  0    0
 ^                                  v         ^
 0    5    0    0 <  0    0    0    0    6    0
                     ^         v    v
 4    0 <  0 >  0 >  0    0 >  0 >  0 <  0    1
