 0 >  0    0    0    0    0    0    2    0
                          ^
 0    0    5    0    0    0    0 <  8    0
                               v
 0    0    0 <  0    0    0    0    0    0
                                    v
 0 >  0    0 >  0 >  0    0    0    0    0
 ^         ^                   ^         V
 3    0    0    0 <  0    2    6    0    0

 6    4    0    9    0 <  0    3    0 >  0
 V
 0 >  0    0    0    0    0 <  5 >  0    0
                     ^
 0    0    0    0    0    0    0    0    0
           V    ^         ^
 9    7    0 >  0 >  0    0    1    5    0
