 0    0    2    8    0    4 >  0    0    0

 0    0    9    5 <  0    8    0    0    0
                ^    v
 0 <  0    6    0    0 >  0    0    0    0
           V                        ^    ^
 0    0    0 >  2    0    0    0    0    0
                          ^    V    ^
 0 <  0    0    0 >  0    0    0    0    0
 V         V
 0    0    0    9    0 >  0 >  0    0 <  0
           V         ^
 0    0 <  0 <  0    0 <  0    0    0    0
                               V    ^
 0    0 >  0    0    0    6    0    5    0
 ^
 0 <  0    0    0 >  5    2    8 <  0    0
