Initial puzzle:
 0 < 0   0 > 0   0   0   0 < 0   0 
             v   v   v   v         
 0   0   0   0 < 5   0 < 0   0   0 
     v   v   v   v           v   v 
 0   0   0   0 < 0   8   7   0 < 0 
                                 v 
 0   7   0 < 0 < 0   0 > 2   0   0 
 ^       v           ^             
 0   0 > 0   0   0   0 < 0   0   0 
 ^   ^                           v 
 0   0   0 > 0   0   0   0   0   0 
                 ^               v 
 7   5   0   0 < 4 > 0   0   0   0 
     v                             
 0   0   0   0 > 0   0   0   0 < 0 
     v   ^   ^           ^   v   ^ 
 0 < 0   0   0   0   0   0   0   0 


Possible colors for each cell:
Cell [0][0]: 1 2 3 4 5 6 8 
Cell [0][1]: 2 3 4 6 8 9 
Cell [0][2]: 4 5 6 7 8 9 
Cell [0][3]: 3 4 5 6 7 8 
Cell [0][4]: 6 7 8 9 
Cell [0][5]: 2 3 4 5 6 7 9 
Cell [0][6]: 4 5 6 8 
Cell [0][7]: 5 6 7 8 9 
Cell [0][8]: 1 2 3 4 5 6 7 8 9 
Cell [1][0]: 1 2 3 4 6 8 9 
Cell [1][1]: 2 3 4 6 8 9 
Cell [1][2]: 2 3 4 6 7 8 9 
Cell [1][3]: 2 3 4 
Cell [1][4]: 5 
Cell [1][5]: 1 2 3 4 
Cell [1][6]: 3 4 6 
Cell [1][7]: 2 3 4 6 7 8 9 
Cell [1][8]: 3 4 6 7 8 9 
Cell [2][0]: 1 2 3 4 5 6 9 
Cell [2][1]: 1 2 3 4 6 
Cell [2][2]: 1 2 3 4 5 6 
Cell [2][3]: 1 2 
Cell [2][4]: 2 3 
Cell [2][5]: 8 
Cell [2][6]: 7 
Cell [2][7]: 1 2 3 4 5 
Cell [2][8]: 2 3 4 5 6 
Cell [3][0]: 1 3 4 5 6 
Cell [3][1]: 7 
Cell [3][2]: 3 4 5 6 
Cell [3][3]: 4 5 6 8 
Cell [3][4]: 6 8 9 
Cell [3][5]: 3 4 5 6 
Cell [3][6]: 2 
Cell [3][7]: 1 3 4 5 6 8 9 
Cell [3][8]: 1 3 4 5 
Cell [4][0]: 2 3 4 5 6 8 
Cell [4][1]: 2 3 4 6 8 
Cell [4][2]: 1 2 3 4 5 
Cell [4][3]: 1 2 3 4 5 6 7 8 9 
Cell [4][4]: 1 2 3 6 7 8 9 
Cell [4][5]: 4 5 6 7 
Cell [4][6]: 5 6 8 9 
Cell [4][7]: 1 2 3 4 5 6 7 8 9 
Cell [4][8]: 3 4 5 6 7 8 9 
Cell [5][0]: 3 4 5 6 8 9 
Cell [5][1]: 3 4 6 8 9 
Cell [5][2]: 2 3 4 5 6 7 8 9 
Cell [5][3]: 1 2 3 4 5 6 7 8 
Cell [5][4]: 1 2 3 
Cell [5][5]: 1 2 3 4 5 6 7 9 
Cell [5][6]: 1 3 4 5 6 8 9 
Cell [5][7]: 1 2 3 4 5 6 7 8 9 
Cell [5][8]: 2 3 4 5 6 7 8 
Cell [6][0]: 7 
Cell [6][1]: 5 
Cell [6][2]: 1 2 3 6 8 9 
Cell [6][3]: 1 2 3 
Cell [6][4]: 4 
Cell [6][5]: 1 2 3 
Cell [6][6]: 1 3 6 8 9 
Cell [6][7]: 1 2 3 6 8 9 
Cell [6][8]: 1 2 3 6 
Cell [7][0]: 1 2 3 4 5 6 8 9 
Cell [7][1]: 3 4 
Cell [7][2]: 1 2 3 4 5 6 7 8 
Cell [7][3]: 2 3 4 5 6 7 8 
Cell [7][4]: 1 2 3 6 7 
Cell [7][5]: 1 2 3 4 5 6 7 9 
Cell [7][6]: 1 3 4 5 6 8 
Cell [7][7]: 2 3 4 5 6 7 
Cell [7][8]: 3 4 5 6 7 8 
Cell [8][0]: 1 2 
Cell [8][1]: 2 3 
Cell [8][2]: 2 3 4 5 6 7 8 9 
Cell [8][3]: 3 4 5 6 7 8 9 
Cell [8][4]: 1 2 3 6 7 8 9 
Cell [8][5]: 1 2 3 4 5 6 7 9 
Cell [8][6]: 3 4 5 6 8 9 
Cell [8][7]: 1 2 3 4 5 6 
Cell [8][8]: 4 5 6 7 8 9 

Timing Results:
Pre-coloring phase: 0.000463 seconds
List-coloring phase: 2113.767957 seconds
Total solving time: 2113.768420 seconds

Solution:
 1 < 8   9 > 6   7   3   4 < 5   2 
             v   v   v   v         
 6   2   8   4 < 5   1 < 3   7   9 
     v   v   v   v           v   v 
 9   1   6   2 < 3   8   7   4 < 5 
                                 v 
 3   7   4 < 8 < 9   5 > 2   6   1 
 ^       v           ^             
 4   6 > 2   5   1   7 < 9   3   8 
 ^   ^                           v 
 5   9   3 > 1   2   4   6   8   7 
                 ^               v 
 7   5   1   3 < 4 > 2   8   9   6 
     v                             
 8   4   5   7 > 6   9   1   2 < 3 
     v   ^   ^           ^   v   ^ 
 2 < 3   7   9   8   6   5   1   4 
